version https://git-lfs.github.com/spec/v1
oid sha256:0b58162786632909996c08275580a7f6229371273082110ac943320f9359c8ca
size 197718
